<!-- Written with Janus VR.  URL: file:///C:/Users/sirkitree/Desktop/VR/JanusVR_Win32/workspace/gotham/stable.html -->
<html>
<head>
<title>Gotham 7.5K</title>
</head>
<body>
<FireBoxRoom>
<Assets>
<AssetImage id="3609625" src="https://d12oemfd9cl6ha.cloudfront.net/i/images/imgs/278338842398456412/original.jpg" />
<AssetImage id="3609649" src="https://d12oemfd9cl6ha.cloudfront.net/i/images/imgs/278339114317528759/original.jpg" />
<AssetImage id="story_2" src="img/story_2.png" />
<AssetImage id="story_1" src="img/story_1.png" />
<AssetImage id="3609653" src="https://d12oemfd9cl6ha.cloudfront.net/i/images/imgs/278338899629175140/original.jpg" />
<AssetImage id="3609656" src="https://d12oemfd9cl6ha.cloudfront.net/i/images/imgs/278339087446826574/original.jpg" />
<AssetImage id="3609643" src="https://d12oemfd9cl6ha.cloudfront.net/i/images/imgs/278338950225088830/original.jpg" />
<AssetImage id="3609661" src="https://d12oemfd9cl6ha.cloudfront.net/i/images/imgs/278339021784005485/original.jpg" />
<AssetImage id="3609634" src="https://d12oemfd9cl6ha.cloudfront.net/i/images/imgs/278338908594388095/original.jpg" />
<AssetImage id="3609633" src="https://d12oemfd9cl6ha.cloudfront.net/i/images/imgs/278338826138925148/original.jpg" />
<AssetImage id="3609655" src="https://d12oemfd9cl6ha.cloudfront.net/i/images/imgs/278339029300672490/original.jpg" />
<AssetImage id="story_10" src="img/story_10.png" />
<AssetImage id="3609641" src="https://d12oemfd9cl6ha.cloudfront.net/i/images/imgs/278338855273799159/original.jpg" />
<AssetImage id="3609664" src="https://d12oemfd9cl6ha.cloudfront.net/i/images/imgs/278339074476540891/original.jpg" />
<AssetImage id="story_5" src="img/story_5.png" />
<AssetImage id="3609647" src="https://d12oemfd9cl6ha.cloudfront.net/i/images/imgs/278338981404005320/original.jpg" />
<AssetImage id="3609636" src="https://d12oemfd9cl6ha.cloudfront.net/i/images/imgs/278338916202637107/original.jpg" />
<AssetImage id="story_6" src="img/story_6.png" />
<AssetImage id="3609632" src="https://d12oemfd9cl6ha.cloudfront.net/i/images/imgs/278338851043809241/original.jpg" />
<AssetImage id="3609638" src="https://d12oemfd9cl6ha.cloudfront.net/i/images/imgs/278338934178992040/original.jpg" />
<AssetImage id="3609631" src="https://d12oemfd9cl6ha.cloudfront.net/i/images/imgs/278338834907851368/original.jpg" />
<AssetImage id="story_3" src="img/story_3.png" />
<AssetImage id="3609663" src="https://d12oemfd9cl6ha.cloudfront.net/i/images/imgs/278339118848726137/original.jpg" />
<AssetImage id="3609627" src="https://d12oemfd9cl6ha.cloudfront.net/i/images/imgs/278338957736708176/original.jpg" />
<AssetImage id="3609645" src="https://d12oemfd9cl6ha.cloudfront.net/i/images/imgs/278338941888156285/original.jpg" />
<AssetImage id="3609660" src="https://d12oemfd9cl6ha.cloudfront.net/i/images/imgs/278339005750005362/original.jpg" />
<AssetImage id="3609630" src="https://d12oemfd9cl6ha.cloudfront.net/i/images/imgs/278338923392050779/original.jpg" />
<AssetImage id="story_8" src="img/story_8.png" />
<AssetImage id="3609668" src="https://d12oemfd9cl6ha.cloudfront.net/i/images/imgs/278338884987552563/original.jpg" />
<AssetImage id="story_11" src="img/story_11.png" />
<AssetImage id="3609623" src="https://d12oemfd9cl6ha.cloudfront.net/i/images/imgs/278338875039968515/original.jpg" />
<AssetImage id="3609629" src="https://d12oemfd9cl6ha.cloudfront.net/i/images/imgs/278338891021035815/original.jpg" />
<AssetImage id="story_7" src="img/story_7.png" />
<AssetImage id="story_9" src="img/story_9.png" />
<AssetImage id="3609640" src="https://d12oemfd9cl6ha.cloudfront.net/i/images/imgs/278339055630035010/original.jpg" />
<AssetImage id="story_4" src="img/story_4.png" />
<AssetImage id="3609658" src="https://d12oemfd9cl6ha.cloudfront.net/i/images/imgs/278384306487807839/original.jpg" />
</Assets>
<Room pos="48.599998 -26.900000 -60.000000" xdir="-1.000000 0.000000 0.000000" ydir="0.000000 1.000000 0.000000" zdir="0.000000 0.000000 -1.000000" col="0.000000 0.000000 0.000000">
<Image id="3609623" js_id="403" pos="26.000000 -12.000000 -82.000000" xdir="0.000001 0.000000 -1.000000" zdir="1.000000 0.000000 0.000001" scale="30.000000 30.000000 0.000000" text_col="0.000000 0.000000 0.000000" lighting="false" />
<Image id="3609625" js_id="405" pos="55.000000 -32.000000 -78.000000" xdir="-1.000000 0.000000 -0.000002" ydir="-0.000002 0.000000 1.000000" zdir="0.000000 1.000000 0.000000" scale="30.000000 30.000000 0.000000" text_col="0.000000 0.000000 0.000000" lighting="false" />
<Image id="3609629" js_id="409" pos="-28.000000 -72.000000 -121.000000" xdir="0.000000 0.000001 1.000000" ydir="-1.000000 0.000001 0.000000" zdir="-0.000001 -1.000000 0.000001" scale="38.000000 36.000000 0.000000" text_col="0.000000 0.000000 0.000000" lighting="false" />
<Image id="3609630" js_id="410" pos="39.599998 -58.000000 -59.900002" xdir="0.500001 0.000000 0.866025" zdir="-0.866025 0.000000 0.500001" scale="45.000000 45.000000 0.000000" text_col="0.000000 0.000000 0.000000" lighting="false" />
<Image id="3609631" js_id="411" pos="50.000000 -47.000000 -59.000000" xdir="-1.000000 -0.000005 -0.000002" ydir="-0.000005 1.000000 -0.000000" zdir="0.000002 0.000000 -1.000000" scale="30.000000 30.000000 0.000000" text_col="0.000000 0.000000 0.000000" lighting="false" />
<Image id="3609632" js_id="412" pos="55.000000 -2.000000 -80.000000" ydir="0.000000 0.500001 -0.866025" zdir="0.000000 0.866025 0.500001" scale="30.000000 30.000000 0.000000" text_col="0.000000 0.000000 0.000000" />
<Image id="3609633" js_id="413" pos="55.000000 6.000000 -120.000000" ydir="0.000000 0.000001 -1.000000" zdir="0.000000 1.000000 0.000001" scale="30.000000 35.000000 1.000000" text_col="0.000000 0.000000 0.000000" />
<Image id="3609634" js_id="414" pos="85.000000 -11.900001 -114.000000" xdir="0.000001 0.000000 1.000000" zdir="-1.000000 0.000000 0.000001" scale="30.000000 30.000000 0.000000" text_col="0.000000 0.000000 0.000000" lighting="false" />
<Image id="3609636" js_id="416" pos="55.000000 -32.000000 -117.800003" ydir="0.000000 0.000001 -1.000000" zdir="0.000000 1.000000 0.000001" scale="30.000000 30.000000 0.000000" text_col="0.000000 0.000000 0.000000" lighting="false" />
<Image id="3609638" js_id="418" pos="-34.000000 -33.000000 -83.000000" xdir="-1.000000 -0.000000 -0.000002" ydir="0.000000 1.000000 -0.000005" zdir="0.000002 -0.000005 -1.000000" scale="60.000000 60.000000 0.000000" text_col="0.000000 0.000000 0.000000" lighting="false" />
<Image id="3609640" js_id="420" pos="-61.000000 -11.000000 -58.000000" zdir="0.000000 0.000000 1.000000" scale="30.000000 30.000000 0.000000" text_col="0.000000 0.000000 0.000000" lighting="false" />
<Image id="3609641" js_id="421" pos="-81.000000 -27.000000 -113.000000" xdir="0.000001 0.000000 -1.000000" zdir="1.000000 0.000000 0.000001" scale="30.000000 30.000000 0.000000" text_col="0.000000 0.000000 0.000000" lighting="false" />
<Image id="3609643" js_id="423" pos="64.000000 -77.000000 -70.000000" xdir="1.000000 -0.000004 -0.000004" ydir="0.000005 0.707104 0.707110" zdir="0.000000 -0.707110 0.707104" scale="45.000000 45.000000 0.000000" text_col="0.000000 0.000000 0.000000" lighting="false" />
<Image id="3609645" js_id="425" pos="76.300003 -52.200001 -62.000000" xdir="0.500001 -0.000004 -0.866025" ydir="0.000002 1.000000 -0.000004" zdir="0.866025 0.000000 0.500001" scale="30.000000 30.000000 0.000000" text_col="0.000000 0.000000 0.000000" lighting="false" />
<Image id="3609647" js_id="427" pos="72.000000 -12.000000 -80.000000" xdir="0.707107 0.000000 -0.707106" zdir="0.707106 0.000000 0.707107" scale="30.000000 30.000000 0.000000" text_col="0.000000 0.000000 0.000000" lighting="false" />
<Image id="3609649" js_id="429" pos="-5.000000 -53.000000 -83.000000" zdir="0.000000 0.000000 1.000000" scale="30.000000 30.000000 0.000000" text_col="0.000000 0.000000 0.000000" lighting="false" />
<Image id="3609653" js_id="433" pos="82.000000 -52.000000 -109.000000" xdir="0.000001 0.000000 -1.000000" zdir="1.000000 0.000000 0.000001" scale="30.000000 30.000000 0.000000" text_col="0.000000 0.000000 0.000000" lighting="false" />
<Image id="3609655" js_id="435" pos="55.000000 -12.000000 -138.000000" zdir="0.000000 0.000000 1.000000" scale="30.000000 30.000000 0.000000" text_col="0.000000 0.000000 0.000000" lighting="false" />
<Image id="3609656" js_id="436" pos="56.000000 -72.199997 -111.000000" ydir="0.000000 0.000001 -1.000000" zdir="0.000000 1.000000 0.000001" scale="30.000000 30.000000 0.000000" text_col="0.000000 0.000000 0.000000" lighting="false" />
<Image id="3609660" js_id="440" pos="44.000000 -9.000000 -64.000000" xdir="0.918646 -0.010223 0.394949" ydir="0.075603 0.985740 -0.150337" zdir="-0.387780 0.167966 0.906319" scale="30.000000 30.000000 0.000000" text_col="0.000000 0.000000 0.000000" lighting="false" />
<Image id="3609661" js_id="441" pos="55.000000 -52.000000 -138.000000" zdir="0.000000 0.000000 1.000000" scale="30.000000 30.000000 0.000000" text_col="0.000000 0.000000 0.000000" lighting="false" />
<Image id="3609663" js_id="443" pos="-65.000000 -92.000000 -83.000000" zdir="0.000000 0.000000 1.000000" scale="30.000000 30.000000 0.000000" text_col="0.000000 0.000000 0.000000" lighting="false" />
<Image id="3609664" js_id="576" pos="-23.000000 7.000000 -126.000000" xdir="-1.000000 -0.000001 0.000008" ydir="-0.000008 0.000001 -1.000000" zdir="0.000001 -1.000000 -0.000001" scale="60.000000 60.000000 0.000000" text_col="0.000000 0.000000 0.000000" lighting="false" />
<Image id="3609638" js_id="579" pos="-34.000000 -33.000000 -138.000000" xdir="-0.999992 0.000000 0.003922" ydir="-0.000015 0.999992 -0.003922" zdir="-0.003922 -0.003922 -0.999985" scale="60.000000 60.000000 0.000000" text_col="0.000000 0.000000 0.000000" lighting="false" />
<Text js_id="1121" pos="48.000000 -25.000000 -67.000000" xdir="1.000000 -0.000001 0.000002" ydir="0.000001 1.000000 0.000000" zdir="-0.000002 0.000000 1.000000" scale="5.000000 5.000000 1.000000" text_col="0.000000 0.000000 0.000000">Gotham 7.5K</Text>
<Text js_id="1122" pos="50.000000 -26.000000 -68.000000" xdir="1.000000 -0.000002 0.000002" ydir="0.000002 1.000000 0.000000" zdir="-0.000002 0.000000 1.000000" scale="10.000000 10.000000 1.000000" text_col="0.000000 0.000000 0.000000">A Rare high Altitude Night Flight Above NYC</Text>
<Text js_id="957" pos="52.600002 -26.400000 -68.000000" xdir="1.000000 -0.000001 0.000001" ydir="0.000001 1.000000 0.000001" zdir="-0.000001 -0.000001 1.000000" scale="5.000000 5.000000 1.000000" text_col="0.000000 0.000000 0.000000">(please enter flight mode)</Text>
<Text js_id="566" pos="52.599998 -26.900000 -68.000000" xdir="0.999992 0.000000 0.003922" ydir="-0.000015 0.999992 0.003921" zdir="-0.003922 -0.003922 0.999985" scale="5.000000 5.000000 1.000000" text_col="0.000000 0.000000 0.000000">(long click white areas to teleport)</Text>
<Image id="story_1" js_id="641" pos="37.799999 -29.700001 -73.099998" xdir="0.500001 -0.000001 -0.866025" ydir="-0.433012 0.866025 -0.250001" zdir="0.750000 0.500000 0.433013" scale="5.000000 5.000000 0.000000" text_col="0.000000 0.000000 0.000000" lighting="false" />
<Image id="story_2" js_id="921" pos="48.000000 -19.000000 -98.000000" xdir="1.000000 0.000004 0.000006" ydir="-0.000001 0.866027 -0.499998" zdir="-0.000007 0.499998 0.866027" scale="5.000000 5.000000 0.000000" text_col="0.000000 0.000000 0.000000" lighting="false" />
<Image id="story_3" js_id="922" pos="77.099998 2.100000 -130.900009" xdir="0.707106 0.000003 0.707107" ydir="-0.353556 0.866025 0.353552" zdir="-0.612372 -0.500001 0.612373" scale="5.000000 5.000000 0.000000" text_col="0.000000 0.000000 0.000000" lighting="false" />
<Image id="story_4" js_id="923" pos="34.000000 -7.000000 -119.000000" xdir="0.000001 0.000001 -1.000000" ydir="-0.707106 0.707107 0.000000" zdir="0.707107 0.707106 0.000001" scale="5.000000 5.000000 0.000000" text_col="0.000000 0.000000 0.000000" lighting="false" />
<Image id="story_5" js_id="924" pos="-24.000000 -45.000000 -110.000000" xdir="0.000001 0.000001 -1.000000" ydir="-0.707106 0.707107 0.000000" zdir="0.707107 0.707106 0.000001" scale="5.000000 5.000000 0.000000" text_col="0.000000 0.000000 0.000000" lighting="false" />
<Image id="story_6" js_id="925" pos="18.000000 -70.000000 -115.000000" xdir="-0.000001 0.000000 1.000000" ydir="0.500000 0.866026 0.000000" zdir="-0.866026 0.500000 -0.000001" scale="5.000000 5.000000 0.000000" text_col="0.000000 0.000000 0.000000" lighting="false" />
<Image id="story_7" js_id="926" pos="52.000000 -69.000000 -125.000000" xdir="1.000000 0.000000 0.000001" ydir="0.000000 0.866026 -0.500000" zdir="-0.000001 0.500000 0.866026" scale="5.000000 5.000000 0.000000" text_col="0.000000 0.000000 0.000000" lighting="false" />
<Image id="story_8" js_id="927" pos="75.000000 -69.000000 -119.000000" xdir="-0.000001 0.000000 1.000000" ydir="0.500000 0.866026 0.000000" zdir="-0.866026 0.500000 -0.000001" scale="5.000000 5.000000 0.000000" text_col="0.000000 0.000000 0.000000" lighting="false" />
<Image id="story_9" js_id="928" pos="70.000000 -71.000000 -80.099998" xdir="-0.500001 -0.000001 0.866025" ydir="0.612371 0.707108 0.353554" zdir="-0.612373 0.707106 -0.353554" scale="5.000000 5.000000 0.000000" text_col="0.000000 0.000000 0.000000" lighting="false" />
<Image id="story_10" js_id="929" pos="57.900002 -70.200005 -75.000000" xdir="-1.000000 0.000001 0.000000" ydir="0.000001 0.866026 0.500000" zdir="0.000000 0.500000 -0.866026" scale="5.000000 5.000000 0.000000" text_col="0.000000 0.000000 0.000000" lighting="false" />
<Image id="story_11" js_id="930" pos="30.000000 -68.900002 -86.000000" xdir="-0.500003 0.000000 -0.866024" zdir="0.866024 0.000000 -0.500003" scale="5.000000 5.000000 0.000000" text_col="0.000000 0.000000 0.000000" lighting="false" />
<Text js_id="1203" pos="25.000000 -67.000000 -95.700005" xdir="-0.258821 0.000000 -0.965925" zdir="0.965925 0.000000 -0.258821" scale="5.000000 5.000000 1.000000" text_col="0.000000 0.000000 0.000000">To see more of these</Text>
<Text js_id="1204" pos="25.299999 -67.900002 -96.000000" xdir="-0.258818 0.000001 -0.965926" ydir="0.000000 1.000000 0.000001" zdir="0.965926 0.000000 -0.258818" scale="3.000000 3.000000 1.000000" text_col="0.000000 0.000000 0.000000">and other images</Text>
<Text js_id="1205" pos="26.000000 -72.000000 -100.000000" xdir="0.818143 0.000000 -0.575015" ydir="-0.263164 0.889125 -0.374435" zdir="0.511260 0.457665 0.727431" text_col="0.000000 0.000000 0.000000">please visit:</Text>
<Text js_id="1210" pos="25.000000 -68.500000 -95.900002" xdir="-0.258818 -0.000032 -0.965926" ydir="-0.000008 1.000000 -0.000031" zdir="0.965926 0.000000 -0.258818" scale="3.000000 3.000000 1.000000" text_col="0.000000 0.000000 0.000000">please visit:</Text>
<Link pos="25.000000 -70.000000 -99.500000" xdir="-0.253780 0.000000 -0.967262" ydir="0.000000 1.000000 0.000000" zdir="0.967262 0.000000 -0.253780" url="https://www.storehouse.co/fromabove" col="0.990000 0.660000 0.955059" scale="1.800000 2.500000 1.000000" title="Storehouse: From Above" />
<Link pos="24.200001 -71.599998 -95.599998" xdir="-0.220723 0.000000 -0.975336" ydir="0.000000 1.000000 0.000000" zdir="0.975336 0.000000 -0.220723" url="https://www.storehouse.co/stories/r3rcy-gotham-7-5k" col="0.990000 0.970588 0.660000" scale="1.800000 2.500000 1.000000" title="Gotham 7.5K  by Vincent Laforet (Storehouse)" />
<Link pos="57.606834 -34.799713 -98.484901" xdir="-0.937875 0.000000 0.346973" ydir="0.000000 1.000000 0.000000" zdir="-0.346973 0.000000 -0.937875" url="bookmarks" col="0.978353 0.990000 0.660000" scale="1.800000 2.500000 1.000000" />
</Room>
</FireBoxRoom>
</body>
</html>